11001011110000101001010011110110101111111100110001001110101001001 100010111000111011100011100110111 111111111111111111111111111111111
10111011010110100000101100111100101100010111001101100001101000111 011011001100110101101100111000001 111111111111111111111111111111111
10000101101110010011001110110100110000000011111111001111100110001 010001011111100100000011010011011 111111111111111111111111111111111
10010101100101000111000101011111111110011110011000000011001111100 100011110111101001110100100111011 111111111111111111111111111111111
01010000110010101100000100110001110011111100100110111010000110111 001000001001010001111011010011011 111111111111111111111111111111111
00101001101111000010101111001100010110111111011101011110101001111 100001011011001110001010011101000 111111111111111111111111111111111
10100000110110000000101011101111000100100001000000101010101100101 101100101110100000110101101000100 111111111111111111111111111111111
00001101001010110010000011011000100100100000101110011101010010101 100111110011011010111110001000110 111111111111111111111111111111111
10001001000000100011100100000000110110101111101100100011110100011 011000111111110101011100110100101 111111111111111111111111111111111
01111100010111101010101111011100011001011000011100000110110010001 111000011110010110110010101001010 111111111111111111111111111111111
